1	2	1272309	100199990002	15	A155182777	A155182777888	1001	888	1	0	20140116	0	0	 	33173	  	0								100199990002	
2	2	1373970	101818041362	15	A402702652	A402702652888	1018	888	1	0	20140116	0	0	 	12881	  	0								101818041362	
3	2	1432871	100899990002	15	A389968636	A389968636888	1008	888	1	0	20140116	0	0	 	22976	  	0								100899990002	
4	2	2101105	980099990001	15	A474550518	A474550518888	9800	888	1	0	20140116	0	0	 	21239	  	0								980099990001	
5	2	2163891	360020029763	15	A407434466	A407434466888	3602	888	1	0	20140116	0	0	 	21239	  	0								360020029763	
6	2	10174813	800308496619	15	A275578892	A275578892888	8003	888	1	0	20140116	0	0	 	13200	  	0								800308496619	
7	2	10174813	800308496619	15	A275578893	A275578893888	8003	888	1	0	20140116	0	0	 	13200	  	0								800308496619	
8	2	100108372	800029990021	15	A624182236	A624182236888	8001	888	1	0	20140116	0	0	 	21761	  	0								800029990021	
9	2	100224960	10599990005	15	A704870519	A704870519888	105	888	1	0	20140116	0	0	 	23208	  	0								10599990005	
10	2	100246488	10999990007	15	A232159374	A232159374888	109	888	1	0	20140116	0	0	 	21684	  	0								10999990007	
11	2	100286110	360009990028	15	A780384834	A780384834888	3600	888	1	0	20140116	0	0	 	21239	  	0								360009990028	
12	2	100351807	102299990003	15	A430626246	A430626246888	1022	888	1	0	20140116	0	0	 	21246	  	0								102299990003	
13	2	100593310	10599990006	15	A261256019	A261256019888	105	888	1	0	20140116	0	0	 	23208	  	0								10599990006	
14	2	100663179	100282020913	15	A780389062	A780389062888	1002	888	1	0	20140116	0	0	 	 	  	0								100282020913	
15	2	100694802	980099990003	15	A163901119	A163901119888	9800	888	1	0	20140116	0	0	 	21239	  	0								980099990003	
16	2	100706118	480000890010	15	A780386145	A780386145888	4803	888	1	0	20140116	0	0	 	 	  	0								480000890010	
17	2	100786729	101818041363	15	A330688658	A330688658888	1018	888	1	0	20140116	0	0	 	12881	  	0								101818041363	
18	2	100802477	800059990001	15	A336574108	A336574108888	8003	888	1	0	20140116	0	0	 	21761	  	0								800059990001	
19	2	100850038	360009990027	15	A780389232	A780389232888	3600	888	1	0	20140116	0	0	 	21239	  	0								360009990027	
20	2	100857642	480000890008	15	A780385149	A780385149888	4803	888	1	0	20140116	0	0	 	 	  	0								480000890008	
21	2	100892559	480000890009	15	A157514904	A157514904888	4803	888	1	0	20140116	0	0	 	23267	  	0								480000890009	
22	2	100898438	101818041361	15	A641334210	A641334210888	1018	888	1	0	20140116	0	0	 	12881	  	0								101818041361	
23	2	100925293	820019990009	15	A780392138	A780392138888	8201	888	1	0	20140116	0	0	 	21759	  	0								820019990009	
24	2	100988374	100899990001	15	A403047335	A403047335888	1008	888	1	0	20140116	0	0	 	22976	  	0								100899990001	
25	2	101176738	370009990012	15	A780387450	A780387450888	3700	888	1	0	20140116	0	0	 	21239	  	0								370009990012	
26	2	101203372	490029990037	15	A780392887	A780392887888	4900	888	1	0	20140116	0	0	 	 	  	0								490029990037	
27	2	101232741	490029990038	15	A780393192	A780393192888	4900	888	1	0	20140116	0	0	 	 	  	0								490029990038	
28	2	101245706	480000890005	15	A780386218	A780386218888	4803	888	1	0	20140116	0	0	 	 	  	0								480000890005	
29	2	101253676	980099990002	15	A171332170	A171332170888	9800	888	1	0	20140116	0	0	 	21239	  	0								980099990002	
30	2	101261290	360009990029	15	A780384907	A780384907888	3600	888	1	0	20140116	0	0	 	21239	  	0								360009990029	
31	2	101273407	370299990009	15	A780391807	A780391807888	3702	888	1	0	20140116	0	0	 	21239	  	0								370299990009	
32	2	101330092	80199990006	15	A780376661	A780376661888	801	888	1	0	20140116	0	0	 	 	  	0								80199990006	
33	2	101330115	101299990013	15	A780384428	A780384428888	1012	888	1	0	20140116	0	0	 	21246	  	0								101299990013	
34	2	101330116	10699990001	15	A780384737	A780384737888	106	888	1	0	20140116	0	0	 	23208	  	0								10699990001	
35	2	101330118	10699990002	15	A780385898	A780385898888	106	888	1	0	20140116	0	0	 	23208	  	0								10699990002	
36	2	101330119	102299990002	15	A780385505	A780385505888	1022	888	1	0	20140116	0	0	 	21246	  	0								102299990002	
37	2	101330121	890299990005	15	A780385880	A780385880888	8902	888	1	0	20140116	0	0	 	22976	  	0								890299990005	
38	2	101330122	102299990005	15	A780386048	A780386048888	1022	888	1	0	20140116	0	0	 	21246	  	0								102299990005	
39	2	101330123	10799990019	15	A780386268	A780386268888	107	888	1	0	20140116	0	0	 	23208	  	0								10799990019	
40	2	101330126	890699990009	15	A780386959	A780386959888	8906	888	1	0	20140116	0	0	 	23294	  	0								890699990009	
41	2	101330127	410099990027	15	A780386941	A780386941888	4100	888	1	0	20140116	0	0	 	21239	  	0								410099990027	
42	2	101330128	410099990021	15	A780387117	A780387117888	4100	888	1	0	20140116	0	0	 	21239	  	0								410099990021	
43	2	101330129	410099990023	15	A780387400	A780387400888	4100	888	1	0	20140116	0	0	 	21239	  	0								410099990023	
44	2	101330131	30099990011	15	A780387939	A780387939888	300	888	1	0	20140116	0	0	 	23294	  	0								30099990011	
45	2	101330132	410099990022	15	A780388456	A780388456888	4100	888	1	0	20140116	0	0	 	21239	  	0								410099990022	
46	2	101330133	102299990001	15	A780388448	A780388448888	1022	888	1	0	20140116	0	0	 	21246	  	0								102299990001	
47	2	101330135	410099990025	15	A780388537	A780388537888	4100	888	1	0	20140116	0	0	 	21239	  	0								410099990025	
48	2	101330136	370399990001	15	A780388723	A780388723888	3703	888	1	0	20140116	0	0	 	21239	  	0								370399990001	
49	2	101330137	370399990002	15	A780388838	A780388838888	3703	888	1	0	20140116	0	0	 	21239	  	0								370399990002	
50	2	101330138	370399990003	15	A780388901	A780388901888	3703	888	1	0	20140116	0	0	 	21239	  	0								370399990003	
51	2	101330139	370399990005	15	A780388927	A780388927888	3703	888	1	0	20140116	0	0	 	21239	  	0								370399990005	
52	2	101330141	410099990026	15	A780389779	A780389779888	4100	888	1	0	20140116	0	0	 	21239	  	0								410099990026	
53	2	101330142	410099990020	15	A780389973	A780389973888	4100	888	1	0	20140116	0	0	 	21239	  	0								410099990020	
54	2	101330145	490029990039	15	A780390699	A780390699888	4900	888	1	0	20140116	0	0	 	21908	  	0								490029990039	
55	2	101330146	490029990040	15	A780391328	A780391328888	4900	888	1	0	20140116	0	0	 	21908	  	0								490029990040	
56	2	101330147	820019990010	15	A780391417	A780391417888	8201	888	1	0	20140116	0	0	 	21759	  	0								820019990010	
57	2	101330148	490029990041	15	A780391556	A780391556888	4900	888	1	0	20140116	0	0	 	21908	  	0								490029990041	
58	2	101330149	370299990006	15	A780391645	A780391645888	3702	888	1	0	20140116	0	0	 	21239	  	0								370299990006	
59	2	101330150	820019990011	15	A780391679	A780391679888	8201	888	1	0	20140116	0	0	 	21759	  	0								820019990011	
60	2	101330151	490029990042	15	A780392154	A780392154888	4900	888	1	0	20140116	0	0	 	21908	  	0								490029990042	
61	2	101330152	490029990043	15	A780392358	A780392358888	4900	888	1	0	20140116	0	0	 	21908	  	0								490029990043	
62	2	101330153	490029990045	15	A780392439	A780392439888	4900	888	1	0	20140116	0	0	 	21908	  	0								490029990045	
63	2	101330156	480049990001	15	A780393207	A780393207888	4804	888	1	0	20140116	0	0	 	23267	  	0								480049990001	
64	2	101330158	800029990016	15	A780393231	A780393231888	8001	888	1	0	20140116	0	0	 	21761	  	0								800029990016	
65	2	101330159	370299990008	15	A780393249	A780393249888	3702	888	1	0	20140116	0	0	 	21239	  	0								370299990008	
66	2	101330161	370299990007	15	A780393388	A780393388888	3702	888	1	0	20140116	0	0	 	21239	  	0								370299990007	
67	2	10100011249	10180000155	15	A921107349	A921107349888	101	888	1	0	20140218	0	0	 	12854	  	0								10180000155	
68	2	10100011251	10180000156	15	A024447818	A024447818888	101	888	1	0	20140218	0	0	 	12854	  	0								10180000156	
69	2	10100026628	10180000200	15	A100007283	A100007283888	101	888	1	0	20140219	20140219	0	 	61044	  	0								10180000200	
70	2	10100026929	10180000215	15	A100007396	A100007396888	101	888	1	0	20140219	20140220	0	 	61044	  	0								10180000215	
71	2	10100028715	10100029606	15	A100007891	A100007891888	101	888	1	0	20131223	0	0	 	13053	  	0								10100029606	
72	2	10100029682	10100029683	15	A100008170	A100008170888	101	888	1	0	20131225	0	0	 	 	  	0								10100029683	
73	2	10100029725	10180000103	15	B100008183	B100008183888	101	 	1	0	20140212	0	0	 	61044	  	0								10180000103	
74	2	10100029951	10100029952	15	A100008305	A100008305888	101	888	1	0	20140101	0	0	 	61044	  	0								10100029952	
75	2	10100029953	10180000001	15	A100008306	A100008306888	101	888	1	0	20140101	0	0	 	13053	  	0								10180000001	
76	2	10100030189	10180000003	15	A100008350	A100008350888	101	888	1	0	20140114	0	0	 	13053	  	0								10180000003	
77	2	10100030241	10180000040	15	B100008371	B100008371888	101	888	1	0	20140117	0	0	 	61044	  	0								10180000040	
78	2	10100030261	10180000041	15	A100008378	A100008378888	101	888	1	0	20140117	0	0	 	61044	  	0								10180000041	
79	2	10100030302	10180000079	15	A100008405	A100008405888	101	888	1	0	20140127	0	0	 	61044	  	0								10180000079	
80	2	10100030310	10180000081	15	A100008413	A100008413888	101	 	1	0	20140127	0	0	 	61044	  	0								10180000081	
81	2	10100030375	10100030811	15	A100008443	A100008443888	101	888	1	0	20140130	0	0	 	 	  	0								10100030811	
82	2	10100030391	10180000070	15	B222133421	B222133421888	101	888	1	0	20140124	0	0	 	61044	  	0								10180000070	
83	2	10100030443	10180000033	15	A100008482	A100008482888	101	888	1	0	20140117	0	0	 	61044	  	0								10180000033	
84	2	10100030472	10180000042	15	A100008487	A100008487888	101	888	1	0	20140120	0	0	 	61044	  	0								10180000042	
85	2	10100030526	10180000130	15	A100008499	A100008499888	101	888	1	0	20140214	0	0	 	61044	  	0								10180000130	
86	2	10100030538	10180000131	15	B100008504	B100008504888	101	888	1	0	20140214	0	0	 	61044	  	0								10180000131	
87	2	10100030568	10180000085	15	A100008510	A100008510888	101	888	1	0	20140127	0	0	 	61044	  	0								10180000085	
88	2	10100030632	10180000075	15	A100008522	A100008522888	101	888	1	0	20140124	0	0	 	61044	  	0								10180000075	
89	2	10100030695	10180000138	15	A100008527	A100008527888	101	 	1	0	20140214	0	0	 	61044	  	0								10180000138	
90	2	10100030698	10180000132	15	A100008528	A100008528888	101	888	1	0	20140214	0	0	 	61044	  	0								10180000132	
91	2	10100030700	10180000090	15	A100008529	A100008529888	101	888	1	0	20140127	0	0	 	61044	  	0								10180000090	
92	2	10100030738	10180000113	15	B100001221	B100001221888	101	888	1	0	20140213	0	0	 	61044	  	0								10180000113	
93	2	10100030741	10180000105	15	A100008534	A100008534888	101	888	1	0	20140212	0	0	 	61044	  	0								10180000105	
94	2	10100030870	10180000106	15	A100008574	A100008574888	101	888	1	0	20140212	0	0	 	61044	  	0								10180000106	
95	2	10100030879	10100031066	15	A100008577	A100008577888	101	888	1	0	20140224	0	0	 	 	  	0								10100031066	
96	2	10100030888	10180000110	15	A100008579	A100008579888	101	888	1	0	20140213	0	0	 	61044	  	0								10180000110	
97	2	10100030889	10180000111	15	B100008580	B100008580888	101	888	1	0	20140213	0	0	 	61044	  	0								10180000111	
98	2	10100030906	10180000165	15	A100008587	A100008587888	101	888	1	0	20140218	0	0	 	61044	  	0								10180000165	
99	2	10100030913	10180000345	15	B100008591	B100008591888	101	888	1	0	20140516	0	0	 	61044	  	0								10180000345	
100	2	10100030915	10180000128	15	A100008592	A100008592888	101	 	1	0	20140214	0	0	 	61044	  	0								10180000128	
101	2	10100030936	10180000150	15	A100008600	A100008600888	101	888	1	0	20140215	0	0	 	61044	  	0								10180000150	
102	2	10100030938	10180000159	15	A100008601	A100008601888	101	888	1	0	20140218	0	0	 	61044	  	0								10180000159	
103	2	10100030941	10180000160	15	A100008602	A100008602888	101	888	1	0	20140218	0	0	 	61044	  	0								10180000160	
104	2	10100030958	10180000163	15	A100008606	A100008606888	101	888	1	0	20140218	0	0	 	61044	  	0								10180000163	
105	2	10100031020	10180000238	15	A100008627	A100008627888	101	888	1	0	20140225	0	0	 	61044	  	0								10180000238	
106	2	10100031120	10180000348	15	B100008671	B100008671888	101	888	1	0	20140516	0	0	 	61044	  	0								10180000348	
107	2	10100031249	10180000295	15	A100008691	A100008691888	101	888	1	0	20140505	0	0	 	61044	  	0								10180000295	
108	2	10100031293	10180000351	15	B100008707	B100008707888	101	888	1	0	20140516	0	0	 	61044	  	0								10180000351	
109	2	10100031375	10180000242	15	A100008749	A100008749888	101	888	1	0	20140310	0	0	 	61044	  	0								10180000242	
110	2	10100031382	10180000241	15	B100008751	B100008751888	101	888	1	0	20140310	0	0	 	61044	  	0								10180000241	
111	2	10100031383	10180000240	15	B100008752	B100008752888	101	888	1	0	20140310	0	0	 	61044	  	0								10180000240	
112	2	10100031462	10180000243	15	A100008779	A100008779888	101	888	1	0	20140313	0	0	 	61044	  	0								10180000243	
113	2	10100031541	10180000245	15	A100008799	A100008799888	101	888	1	0	20140313	0	0	 	61044	  	0								10180000245	
114	2	10100031950	10180000251	15	A100008876	A100008876888	101	888	1	0	20140319	20140319	0	 	61044	  	0								10180000251	
115	2	10100032198	10180000253	15	A100008950	A100008950888	101	888	1	0	20140413	0	0	 	61044	  	0								10180000253	
116	2	10100032211	10180000255	15	A100008959	A100008959888	101	888	1	0	20140413	0	0	 	61044	  	0								10180000255	
117	2	10100032223	10180000269	15	B100008964	B100008964888	101	888	1	0	20140428	0	0	 	61044	  	0								10180000269	
118	2	10100032305	10180000256	15	A100009001	A100009001888	101	888	1	0	20140413	0	0	 	61044	  	0								10180000256	
119	2	10100032349	10180000293	15	A100009019	A100009019888	101	888	1	0	20140505	0	0	 	61044	  	0								10180000293	
120	2	10100032431	10180000375	15	A100009036	A100009036888	101	888	1	0	20140516	0	0	 	61044	  	0								10180000375	
121	2	10100032482	10180000259	15	A100009054	A100009054888	101	888	1	0	20140417	0	0	 	61044	  	0								10180000259	
122	2	10100032485	10180000260	15	B100009055	B100009055888	101	888	1	0	20140417	0	0	 	61044	  	0								10180000260	
123	2	10100032505	10100032673	15	A100009060	A100009060888	101	888	1	0	20140428	0	0	 	 	  	0								10100032673	
124	2	10100032510	10180000369	15	A100009063	A100009063888	101	888	1	0	20140516	0	0	 	61044	  	0								10180000369	
125	2	10100032511	10180000361	15	A100009064	A100009064888	101	888	1	0	20140516	0	0	 	61044	  	0								10180000361	
126	2	10100032512	10180000363	15	A100009067	A100009067888	101	888	1	0	20140516	0	0	 	61044	  	0								10180000363	
127	2	10100032518	10180000373	15	B100009068	B100009068888	101	888	1	0	20140516	0	0	 	61044	  	0								10180000373	
128	2	10100032523	10180000371	15	B100009071	B100009071888	101	888	1	0	20140516	0	0	 	61044	  	0								10180000371	
129	2	10100032526	10180000362	15	A100009073	A100009073888	101	888	1	0	20140516	0	0	 	61044	  	0								10180000362	
130	2	10100032569	10180000270	15	A100009130	A100009130888	101	888	1	0	20140428	0	0	 	61044	  	0								10180000270	
131	2	10100032588	10180000368	15	A100009096	A100009096888	101	888	1	0	20140516	0	0	 	61044	  	0								10180000368	
132	2	10100032633	10180000310	15	B100009123	B100009123888	101	888	1	0	20140506	0	0	 	61044	  	0								10180000310	
133	2	10100032670	10180000263	15	A100009128	A100009128888	101	888	1	0	20140428	0	0	 	61044	  	0								10180000263	
134	2	10100032671	10100032672	15	A100009129	A100009129888	101	888	1	0	20140428	0	0	 	 	  	0								10100032672	
135	2	10100032681	10180000272	15	A100009132	A100009132888	101	888	1	0	20140505	0	0	 	61044	  	0								10180000272	
136	2	10100032710	10180000300	15	B100009146	B100009146888	101	888	1	0	20140505	0	0	 	61044	  	0								10180000300	
137	2	10100032735	10180000306	15	B100009178	B100009178888	101	888	1	0	20140506	0	0	 	61044	  	0								10180000306	
138	2	10100032799	10180000353	15	B100009208	B100009208888	101	888	1	0	20140516	0	0	 	61044	  	0								10180000353	
139	2	10100032800	10180000355	15	B100009209	B100009209888	101	888	1	0	20140516	0	0	 	61044	  	0								10180000355	
140	2	10100032806	10180000360	15	B100009213	B100009213888	101	888	1	0	20140516	0	0	 	61044	  	0								10180000360	
141	2	10100032818	10180000302	15	A100009218	A100009218888	101	888	1	0	20140505	0	0	 	61044	  	0								10180000302	
142	2	10100032829	10180000356	15	B100009224	B100009224888	101	888	1	0	20140516	0	0	 	61044	  	0								10180000356	
143	2	10100032831	10180000301	15	A100009227	A100009227888	101	888	1	0	20140505	0	0	 	61044	  	0								10180000301	
144	2	10100032836	10180000296	15	A100009229	A100009229888	101	888	1	0	20140505	0	0	 	61044	  	0								10180000296	
145	2	10100032859	10180000358	15	B100009241	B100009241888	101	888	1	0	20140516	0	0	 	61044	  	0								10180000358	
146	2	10100032879	10180000305	15	A100009248	A100009248888	101	888	1	0	20140506	0	0	 	61044	  	0								10180000305	
147	2	10100032888	10180000303	15	A100009251	A100009251888	101	888	1	0	20140506	0	0	 	61044	  	0								10180000303	
148	2	10100032909	10180000309	15	A100009252	A100009252888	101	888	1	0	20140506	0	0	 	61044	  	0								10180000309	
149	2	10100032910	10180000338	15	A100009253	A100009253888	101	888	1	0	20140513	0	0	 	61044	  	0								10180000338	
150	2	10100032913	10180000333	15	B100009254	B100009254888	101	888	1	0	20140513	0	0	 	61044	  	0								10180000333	
151	2	10100032919	10180000318	15	A100009258	A100009258888	101	888	1	0	20140506	0	0	 	61044	  	0								10180000318	
152	2	10100032923	10180000311	15	A100009261	A100009261888	101	888	1	0	20140506	0	0	 	61044	  	0								10180000311	
153	2	10100032930	10180000320	15	A100009264	A100009264888	101	888	1	0	20140506	0	0	 	61044	  	0								10180000320	
154	2	10100034646	10180000380	15	A100009988	A100009988888	101	888	1	0	20140619	0	0	 	61044	  	0								10180000380	
155	2	10100041856	10180000396	15	A000317151	A000317151888	101	888	1	0	20150129	0	0	3	20986	  	0								10180000396	
156	2	10100042013	10180000393	15	A000318319	A000318319888	101	888	1	0	20150129	0	3	2	20986	  	0								10180000393	
157	2	10100042016	10180000391	15	A000318212	A000318212888	101	888	1	0	20150129	0	233	2	20986	  	0								10180000391	
158	2	10100042111	10180000400	15	A000319103	A000319103888	101	888	1	0	20150130	0	0	2	20986	  	0								10180000400	
159	2	10100042790	10180000401	15	A000332371	A000332371888	101	888	1	0	20150330	0	0	1	20986	  	0								10180000401	
160	2	10100042792	10180000402	15	A000332397	A000332397888	101	888	1	0	20150330	0	0	1	20986	  	0								10180000402	
161	2	10100042801	10180000403	15	A000332410	A000332410888	101	888	1	0	20150330	0	0	2	20986	  	0								10180000403	
162	2	10100042803	10180000405	15	A000332436	A000332436888	101	888	1	0	20150330	0	0	1	20986	  	0								10180000405	
163	2	10100042818	10180000408	15	A000332486	A000332486888	101	888	1	0	20150330	0	0	0	20986	  	0								10180000408	
164	2	10100042820	10180000429	15	A000332494	A000332494888	101	888	1	0	20150331	0	0	1	20986	  	0								10180000429	
165	2	10100042822	10180000430	15	A000332525	A000332525888	101	888	1	0	20150331	0	0	1	20986	  	0								10180000430	
166	2	10100042825	10180000422	15	A000332533	A000332533888	101	888	1	0	20150330	0	0	0	20986	  	0								10180000422	
167	2	10100042901	10180000415	15	A000332884	A000332884888	101	888	1	0	20150330	0	0	2	20986	  	0								10180000415	
168	2	10100042935	10180000428	15	A000333343	A000333343888	101	888	1	0	20150331	0	0	1	20986	  	0								10180000428	
169	2	10100042936	10180000431	15	A000333408	A000333408888	101	888	1	0	20150331	0	0	1	20986	  	0								10180000431	
170	2	10100042939	10180000432	15	A000333466	A000333466888	101	888	1	0	20150331	0	0	1	20986	  	0								10180000432	
171	2	10100042940	10180000433	15	A000333482	A000333482888	101	888	1	0	20150331	0	0	1	20986	  	0								10180000433	
172	2	10100042941	10180000435	15	A000333490	A000333490888	101	888	1	0	20150331	0	0	1	20986	  	0								10180000435	
173	2	10100042945	10180000439	05	0155518856	0155518856111111	101	111111	1	0	20150401	20150401	11	0	005900	  	0								10180000439	
174	2	10100042945	10180000439	15	A000333767	A000333767888	101	888	1	0	20150401	20150401	22	3	20986	  	0								10180000439	
175	2	10100053031	10180000442	15	A000371595	A000371595888	101	888	1	0	20150710	0	0	2	20986	  	0								10180000442	
176	2	10100053082	10180000449	15	A000371977	A000371977888	101	888	1	0	20150710	0	0	2	20986	  	0								10180000449	
177	2	10100053083	10180000450	15	A000371985	A000371985888	101	888	1	0	20150710	0	0	2	20986	  	0								10180000450	
178	2	10100053109	10180000651	05	0155523952	0155523952111111	101	111111	1	0	20150730	0	0	2	005900	  	0								10180000651	
179	2	10100053109	10180000651	15	A000381207	A000381207888	101	888	1	0	20150730	0	0	2	20986	  	0								10180000651	
180	2	10100053112	10180000660	05	0800217801	0800217801111111	101	111111	1	0	20150730	0	0	2	005900	  	0								10180000660	
181	2	10100053112	10180000660	15	B880110163	B880110163888	101	888	1	0	20150730	0	0	2	20986	  	0								10180000660	
182	2	10100053113	10180000652	05	0155523955	0155523955111111	101	111111	1	0	20150730	0	0	2	005900	  	0								10180000652	
183	2	10100053113	10180000652	15	A000381223	A000381223888	101	888	1	0	20150730	0	0	2	20986	  	0								10180000652	
184	2	10100053115	10180000656	05	0155523965	0155523965111111	101	111111	1	0	20150730	0	0	2	005900	  	0								10180000656	
185	2	10100053115	10180000656	15	A000381338	A000381338888	101	888	1	0	20150730	0	0	2	20986	  	0								10180000656	
186	2	10100054488	10180000661	05	0155523973	0155523973111111	101	111111	1	0	20150730	0	0	2	005900	  	0								10180000661	
187	2	10100054488	10180000661	15	A000381401	A000381401888	101	888	1	0	20150730	0	0	2	20986	  	0								10180000661	
188	2	10100054581	10180000662	05	0155524019	0155524019111111	101	111111	1	9	20150731	20150731	0	1	005900	  	0								10180000662	
189	2	10100054581	10180000662	05	0155524025	0155524025111111	101	111111	1	9	20150731	20150731	0	1	005900	  	0								10180000662	
190	2	10100054586	10180000663	15	A000381891	A000381891888	101	888	1	0	20150731	0	0	2	20986	  	0								10180000663	
191	2	10100054595	10180000665	05	0155524033	0155524033111111	101	111111	1	0	20150731	0	0	1	005900	  	0								10180000665	
192	2	10100054595	10180000665	15	A000381972	A000381972888	101	888	1	0	20150731	0	0	1	20986	  	0								10180000665	
193	2	10100054599	10180000666	15	A000382009	A000382009888	101	888	1	0	20150731	0	0	1	20986	  	0								10180000666	
194	2	10100155105	10180000668	15	A000602289	A000602289888	101	888	1	0	20151104	0	0	3	20986	  	0								10180000668	
195	2	10100155106	10180000671	15	B880300417	B880300417888	101	888	1	9	20151105	20151105	0	1	20986	  	0								10180000671	
196	2	10100155122	10180000672	15	A000602386	A000602386888	101	888	1	9	20151105	20151211	0	3	20986	  	0								10180000672	
197	2	10100155123	10180000678	15	B880300483	B880300483888	101	888	1	9	20151106	20151106	0	1	20986	  	0								10180000678	
198	2	10100155123	10180000678	15	B880300491	B880300491888	101	888	1	9	20151106	20151106	0	2	20986	  	0								10180000678	
199	2	10100155123	10180000678	15	B880300548	B880300548888	101	888	1	0	20151106	0	0	2	20986	  	0								10180000678	
200	2	10100155130	10180000675	15	B880300441	B880300441888	101	888	1	9	20151105	20151105	0	1	20986	  	0								10180000675	
201	2	10100155131	10180000676	15	A000602514	A000602514888	101	888	1	9	20151105	20151105	0	0	20986	  	0								10180000676	
202	2	10100155198	10180000680	15	A000603057	A000603057888	101	888	1	0	20151106	0	0	0	20986	  	0								10180000680	
203	2	10100155198	10180000680	15	A000603065	A000603065888	101	888	1	0	20151106	0	0	0	20986	  	0								10180000680	
204	2	10100155198	10180000680	15	A000603073	A000603073888	101	888	1	0	20151106	0	0	1	20986	  	0								10180000680	
205	2	10100155198	10180000680	15	A000603382	A000603382888	101	888	1	0	20151106	0	0	0	20986	  	0								10180000680	
206	2	10100155198	10180000680	15	A000603390	A000603390888	101	888	1	0	20151106	0	0	0	20986	  	0								10180000680	
207	2	10100155205	10180000681	15	A000603162	A000603162888	101	888	1	0	20151106	0	0	0	20986	  	0								10180000681	
208	2	10100156458	10180001390	15	A000705914	A000705914888	101	888	1	9	20151211	20151211	0	2	20986	  	0								10180001390	
209	2	10100156465	10180001388	15	A000705948	A000705948888	101	888	1	0	20151211	0	0	1	20986	  	0								10180001388	
210	2	10100156469	10180001406	15	A000705956	A000705956888	101	888	1	0	20151214	0	0	3	20986	  	0								10180001406	
211	2	10100156473	10180001403	15	A000706203	A000706203888	101	888	1	0	20151211	0	0	3	20986	  	0								10180001403	
212	2	10100156482	10180001391	05	0155556332	0155556332111111	101	111111	1	9	20151211	20151211	0	2	005900	  	0								10180001391	
213	2	10100156482	10180001391	15	A000706017	A000706017888	101	888	1	9	20151211	20151211	0	1	20986	  	0								10180001391	
214	2	10100156500	10180001393	15	A000706075	A000706075888	101	888	1	9	20151211	20151211	0	1	20986	  	0								10180001393	
215	2	10100156502	10180001400	15	A000706106	A000706106888	101	888	1	9	20151211	20151211	0	1	20986	  	0								10180001400	
216	2	10100156508	10180001396	15	A000706130	A000706130888	101	888	1	9	20151211	20151211	0	3	20986	  	0								10180001396	
217	2	10100156523	10180001401	15	A000706261	A000706261888	101	888	1	9	20151211	20151211	0	1	20986	  	0								10180001401	
218	2	10100156535	10180001402	05	0155556357	0155556357111111	101	111111	1	9	20151211	20151211	0	3	005900	  	0								10180001402	
219	2	10100156550	10180001411	05	0800246893	0800246893111111	101	111111	1	9	20151214	20151214	0	1	005900	  	0								10180001411	
220	2	10100156550	10180001411	15	B880401239	B880401239888	101	888	1	9	20151214	20151214	0	1	20986	  	0								10180001411	
221	2	10100156581	10180001416	15	A000706685	A000706685888	101	888	1	9	20151214	20151214	0	1	20986	  	0								10180001416	
222	2	10100156583	10180001418	15	A000706693	A000706693888	101	888	1	0	20151214	0	0	1	20986	  	0								10180001418	
223	2	10100156589	10180001419	15	A000706716	A000706716888	101	888	1	9	20151214	20151214	0	1	20986	  	0								10180001419	
224	2	10100156593	10180001421	15	A000706766	A000706766888	101	888	1	0	20151214	0	0	1	20986	  	0								10180001421	
225	2	10100156603	10180001425	15	A000706839	A000706839888	101	888	1	0	20151214	0	0	1	20986	  	0								10180001425	
226	2	10100156605	10180001426	15	A000706847	A000706847888	101	888	1	9	20151214	20151214	0	1	20986	  	0								10180001426	
227	2	10100157643	10180002433	05	0800247033	0800247033111111	101	111111	1	9	20160123	20160123	0	2	005900	  	0								10180002433	
228	2	10100157643	10180002433	15	B880402594	B880402594888	101	888	1	9	20160123	20160123	0	2	20986	  	0								10180002433	
229	2	10100157645	10180002428	15	A000713137	A000713137888	101	888	1	9	20160123	20160123	0	2	20986	  	0								10180002428	
230	2	10100157649	10180002429	05	0155557114	0155557114111111	101	111111	1	9	20160123	20160123	0	2	005900	  	0								10180002429	
231	2	10100157649	10180002429	15	A000713153	A000713153888	101	888	1	9	20160123	20160123	0	1	20986	  	0								10180002429	
232	2	10100157658	10180002430	05	0800247039	0800247039111111	101	111111	1	9	20160123	20160123	0	1	005900	  	0								10180002430	
233	2	10100157658	10180002430	15	B880402659	B880402659888	101	888	1	9	20160123	20160123	0	1	20986	  	0								10180002430	
234	2	10100157676	10180002432	05	0800247043	0800247043111111	101	111111	1	9	20160123	20160123	0	1	005900	  	0								10180002432	
235	2	10100157676	10180002432	15	B880402683	B880402683888	101	888	1	9	20160123	20160123	0	3	20986	  	0								10180002432	
236	2	10100157693	10180002438	15	A000713399	A000713399888	101	888	1	0	20160123	0	0	3	20986	  	0								10180002438	
237	2	10100157698	10180002435	05	0155557138	0155557138111111	101	111111	1	9	20160123	20160123	0	1	005900	  	0								10180002435	
238	2	10100157698	10180002435	15	A000713404	A000713404888	101	888	1	9	20160123	20160123	0	1	20986	  	0								10180002435	
239	2	10100157703	10180002431	05	0155557139	0155557139111111	101	111111	1	9	20160123	20160123	0	1	005900	  	0								10180002431	
240	2	10100157703	10180002431	15	A000713420	A000713420888	101	888	1	9	20160123	20160123	0	1	20986	  	0								10180002431	
241	2	10100157730	10180002439	15	A000713585	A000713585888	101	888	1	0	20160125	0	0	1	20986	  	0								10180002439	
242	2	10100157732	10180002440	15	A000713624	A000713624888	101	888	1	0	20160125	0	0	1	20986	  	0								10180002440	
243	2	10100157778	10180002443	15	A000713975	A000713975888	101	888	1	0	20160126	0	0	1	20986	  	0								10180002443	
244	2	10100157790	10180002445	15	A000714117	A000714117888	101	888	1	0	20160126	0	0	1	20986	  	0								10180002445	
245	2	10100157791	10180002446	15	A000714167	A000714167888	101	888	1	0	20160126	0	0	1	20986	  	0								10180002446	
246	2	10100157869	10180002452	15	A000715579	A000715579888	101	888	1	0	20160128	0	0	1	20986	  	0								10180002452	
247	2	10100157870	10180002453	15	B880403168	B880403168888	101	888	1	0	20160128	0	0	1	20986	  	0								10180002453	
248	2	10100157879	10180002459	15	A000715692	A000715692888	101	888	1	0	20160129	0	0	1	20986	  	0								10180002459	
249	2	10100157886	10180002478	15	A000715812	A000715812888	101	888	1	0	20160129	0	0	2	20986	  	0								10180002478	
250	2	10100157891	10180002465	15	A000715846	A000715846888	101	888	1	9	20160129	20160129	0	2	20986	  	0								10180002465	
251	2	10100157903	10180002466	15	A000715943	A000715943888	101	888	1	9	20160129	20160129	0	1	20986	  	0								10180002466	
252	2	10100157910	10180002482	15	B880403207	B880403207888	101	888	1	9	20160129	20160129	0	3	20986	  	0								10180002482	
253	2	10100157912	10180002469	05	0155557397	0155557397111111	101	111111	1	0	20160129	0	0	1	005900	  	0								10180002469	
254	2	10100157912	10180002469	15	A000716020	A000716020888	101	888	1	0	20160129	0	0	2	20986	  	0								10180002469	
255	2	10100157930	10180002475	15	A000716096	A000716096888	101	888	1	9	20160129	20160129	0	0	20986	  	0								10180002475	
256	2	10100157940	10180002473	15	A000716282	A000716282888	101	888	1	9	20160129	20160129	0	1	20986	  	0								10180002473	
257	2	10100157950	10180002468	15	A000716185	A000716185888	101	888	1	9	20160129	20160129	0	3	20986	  	0								10180002468	
258	2	10100157989	10180002488	15	A000716452	A000716452888	101	888	1	0	20160129	0	0	1	20986	  	0								10180002488	
259	2	10100158076	10180002490	15	A000717319	A000717319888	101	888	1	0	20160203	0	0	2	20986	  	0								10180002490	
260	2	10100164030	10180003602	15	A000906073	A000906073888	101	888	1	0	20160716	0	0	1	20986	  	0								10180003602	
261	2	10100164070	10180003610	15	A000906340	A000906340888	101	888	1	0	20160718	0	0	1	20986	  	0								10180003610	
262	2	10100164076	10180003612	15	A000906439	A000906439888	101	888	1	0	20160718	0	0	0	20986	  	0								10180003612	
263	2	10100164080	10180003605	05	0155576314	0155576314111111	101	111111	1	0	20160718	0	0	1	005900	  	0								10180003605	
264	2	10100164080	10180003605	15	A000906421	A000906421888	101	888	1	0	20160718	0	0	1	20986	  	0								10180003605	
265	2	10100164081	10180003606	15	B880600485	B880600485888	101	888	1	9	20160718	20160718	0	1	20986	  	0								10180003606	
266	2	10100164082	10180003608	15	A000906502	A000906502888	101	888	1	9	20160718	20160718	0	1	20986	  	0								10180003608	
267	2	10100164083	10180003609	15	A000906510	A000906510888	101	888	1	9	20160718	20160718	0	1	20986	  	0								10180003609	
268	2	10100164085	10180003611	15	B880600508	B880600508888	101	888	1	9	20160718	20160718	0	1	20986	  	0								10180003611	
269	2	10100164096	10180003613	05	0155576359	0155576359111111	101	111111	1	9	20160719	20160719	0	1	005900	  	0								10180003613	
270	2	10100166005	10180003735	05	0155585777	0155585777111111	101	111111	1	0	20160907	0	0	1	005900	  	0								10180003735	
271	2	10100166012	10100166012	05	0155585786	0155585786111111	101	111111	1	9	20160907	20160907	0	2	005900	  	0								10100166012	
272	2	10100166016	10100166016	05	0155585788	0155585788111111	101	111111	1	9	20160907	20160907	0	2	005900	  	0								10100166016	
273	2	10100166022	10180003705	15	A001001240	A001001240888	101	888	1	9	20160902	20160902	0	1	20986	  	0								10180003705	
274	2	10100166033	10180003716	05	0155585805	0155585805111111	101	111111	1	9	20160906	20160907	0	1	005900	  	0								10180003716	
275	2	10100166033	10180003716	15	A001001363	A001001363888	101	888	1	9	20160906	20160907	0	1	20986	  	0								10180003716	
276	2	10100166036	10100166036	05	0155585807	0155585807111111	101	111111	1	0	20160907	0	0	2	005900	  	0								10100166036	
277	2	10100166080	10180003710	15	A001001648	A001001648888	101	888	1	0	20160905	0	0	1	20986	  	0								10180003710	
278	2	10100166082	10180003709	05	0155585834	0155585834111111	101	111111	1	0	20160905	0	0	3	005900	  	0								10180003709	
279	2	10100166082	10180003709	15	A001001656	A001001656888	101	888	1	9	20160905	20160905	0	3	20986	  	0								10180003709	
280	2	10100166088	10180003712	05	0800276818	0800276818111111	101	111111	1	0	20160905	0	0	3	005900	  	0								10180003712	
281	2	10100166088	10180003712	15	B880700162	B880700162888	101	888	1	0	20160905	0	0	3	20986	  	0								10180003712	
282	2	10100167015	10180003742	05	0155585890	0155585890111111	101	111111	1	9	20160909	20160909	0	3	005900	  	0								10180003742	
283	2	10100167020	10180003715	15	A001002204	A001002204888	101	888	1	0	20160906	0	0	1	20986	  	0								10180003715	
284	2	10100167022	10180003749	15	A001002238	A001002238888	101	888	1	0	20160912	0	0	1	20986	  	0								10180003749	
285	2	10100167032	10180003755	05	0155585900	0155585900111111	101	111111	1	9	20160908	20160909	0	2	005900	  	0								10180003755	
286	2	10100167032	10180003755	15	A001002296	A001002296888	101	888	1	9	20160908	20160909	0	2	23296	  	0								10180003755	
287	2	10100167038	10180003745	05	0155585904	0155585904111111	101	111111	1	9	20160907	20160907	0	2	005900	  	0								10180003745	
288	2	10100167052	10100167052	05	0155585913	0155585913111111	101	111111	1	0	20160907	0	0	2	005900	  	0								10100167052	
289	2	10100167052	10180003718	15	A001002440	A001002440888	101	888	1	9	20160906	20160906	0	1	20986	  	0								10180003718	
290	2	10100167053	10180003720	15	A001002474	A001002474888	101	888	1	9	20160906	20160906	0	1	20986	  	0								10180003720	
291	2	10100167055	10180003722	15	A001002490	A001002490888	101	888	1	9	20160906	20160906	0	1	20986	  	0								10180003722	
292	2	10100167056	10180003723	15	A001002505	A001002505888	101	888	1	9	20160906	20160906	0	1	20986	  	0								10180003723	
293	2	10100167058	10180003725	15	A001002513	A001002513888	101	888	1	9	20160906	20160906	0	1	20986	  	0								10180003725	
294	2	10100167059	10180003726	05	0155585920	0155585920111111	101	111111	1	0	20160906	0	0	1	005900	  	0								10180003726	
295	2	10100167060	10180003728	05	0155585921	0155585921111111	101	111111	1	0	20160906	0	0	1	005900	  	0								10180003728	
296	2	10100167063	10180003730	15	A001002555	A001002555888	101	888	1	0	20160907	0	0	1	20986	  	0								10180003730	
297	2	10100167066	10180003731	05	0155585924	0155585924111111	101	111111	1	0	20160907	0	0	1	005900	  	0								10180003731	
298	2	10100167068	10180003732	05	0155585925	0155585925111111	101	111111	1	0	20160907	0	0	1	005900	  	0								10180003732	
299	2	10100167069	10180003733	05	0155585926	0155585926111111	101	111111	1	0	20160907	0	0	1	005900	  	0								10180003733	
300	2	10100167081	10180003740	05	0155585927	0155585927111111	101	111111	1	0	20160907	0	0	2	005900	  	0								10180003740	
1	0	10100167082	10180003739	05	0155585928	0155585928111111	101	111111	1	0	20160907	0	0	3	005900	  	0								10180003739	
2	0	10100167095	10180003743	15	A001003080	A001003080888	101	888	1	0	20160909	0	0	2	20986	  	0								10180003743	
3	0	10100268228	10180003802	15	A001105311	A001105311888	101	888	1	0	20161028	0	0	1	20986	  	0								10180003802	
4	0	10100268246	10180003809	05	0155596231	0155596231111111	101	111111	1	9	20161028	20161028	0	0	005900	  	0								10180003809	
5	0	10100268246	10180003809	15	A001105395	A001105395888	101	888	1	9	20161028	20161028	0	1	20986	  	0								10180003809	
6	0	10100268248	10180003803	15	A001105426	A001105426888	101	888	1	9	20161028	20161028	0	0	20986	  	0								10180003803	
7	0	10100268253	10180003805	05	0155596247	0155596247111111	101	111111	1	0	20161028	0	0	1	005900	  	0								10180003805	
8	0	10100268255	10180003808	05	0800286872	0800286872111111	101	111111	1	9	20161028	20161028	0	1	005900	  	0								10180003808	
9	0	10100268255	10180003808	15	B880800742	B880800742888	101	888	1	9	20161028	20161028	0	1	20986	  	0								10180003808	
10	0	10100269122	10180007942	15	A010007900	A010007900888	101	888	1	0	20170214	0	0	0	20986	  	0								10180007942	
11	0	10100269186	10180007943	15	A010008282	A010008282888	101	888	1	0	20170215	0	0	1	20986	  	0								10180007943	
12	0	10100269210	10180007945	15	A001200365	A001200365888	101	888	1	0	20170216	0	0	0	20986	  	0								10180007945	
13	0	10100269239	10180008042	05	0155605755	0155605755111111	101	111111	1	9	20170301	20170301	0	2	005900	  	0								10180008042	
14	0	10100269248	10180007946	05	0155605759	0155605759111111	101	111111	1	0	20170216	0	0	0	005900	  	0								10180007946	
15	0	10100269289	10180007949	15	A001200975	A001200975888	101	888	1	0	20170216	0	0	1	20986	  	0								10180007949	
16	0	10100269326	10180007951	15	A001201206	A001201206888	101	888	1	0	20170217	0	0	2	20986	  	0								10180007951	
17	0	10100369486	10180007952	15	A001202579	A001202579888	101	888	1	9	20170220	20170220	0	0	20986	  	0								10180007952	
18	0	10100369503	10180007953	05	0155605960	0155605960111111	101	111111	1	0	20170220	0	0	1	005900	  	0								10180007953	
19	0	10100369545	10180007955	05	0800296849	0800296849111111	101	111111	1	9	20170220	20170301	0	1	005900	  	0								10180007955	
20	0	10100369545	10180007955	15	B880900500	B880900500888	101	888	1	9	20170220	20170301	0	1	20986	  	0								10180007955	
21	0	10100369549	10180007956	05	0155606002	0155606002111111	101	111111	1	0	20170221	0	0	1	005900	  	0								10180007956	
22	0	10100369549	10180007956	15	A001202977	A001202977888	101	888	1	0	20170221	0	0	1	20986	  	0								10180007956	
23	0	10100369555	10180007958	05	0800296850	0800296850111111	101	111111	1	0	20170221	0	0	1	005900	  	0								10180007958	
24	0	10100369555	10180007958	15	B880900518	B880900518888	101	888	1	0	20170221	0	0	2	20986	  	0								10180007958	
25	0	10100369559	10180007961	05	0155606010	0155606010111111	101	111111	1	9	20170221	20170221	0	1	005900	  	0								10180007961	
26	0	10100369559	10180007961	15	A001203020	A001203020888	101	888	1	9	20170221	20170221	0	1	20986	  	0								10180007961	
27	0	10100369575	10180007975	05	0800296855	0800296855111111	101	111111	1	9	20170221	20170221	0	1	005900	  	0								10180007975	
28	0	10100369575	10180007975	15	B880900568	B880900568888	101	888	1	9	20170221	20170221	0	1	20986	  	0								10180007975	
29	0	10100369582	10180007976	05	0155606017	0155606017111111	101	111111	1	9	20170221	20170221	0	2	005900	  	0								10180007976	
30	0	10100369582	10180007976	15	A001203054	A001203054888	101	888	1	9	20170221	20170221	0	2	20986	  	0								10180007976	
31	0	10100369712	10180008005	15	A001204199	A001204199888	101	888	1	0	20170223	0	0	0	20986	  	0								10180008005	
32	0	10100369715	10180008006	15	A001204212	A001204212888	101	888	1	9	20170223	20170223	0	2	20986	  	0								10180008006	
33	0	10100369730	10180008009	15	A001204288	A001204288888	101	888	1	0	20170223	0	0	2	20986	  	0								10180008009	
34	0	10100369748	10180008003	15	A001204369	A001204369888	101	888	1	9	20170223	20170223	0	0	20986	  	0								10180008003	
35	0	10100369809	10180008010	15	A001205103	A001205103888	101	888	1	9	20170224	20170224	0	2	20986	  	0								10180008010	
36	0	10100369812	10180008016	15	A001205137	A001205137888	101	888	1	9	20170224	20170224	0	1	20986	  	0								10180008016	
37	0	10100369813	10180008013	15	A001205161	A001205161888	101	888	1	9	20170224	20170224	0	1	20986	  	0								10180008013	
38	0	10100369821	10180008019	15	A001205250	A001205250888	101	888	1	0	20170224	20170224	0	1	20986	  	0								10180008019	
39	0	10100369995	10180008039	15	A001205763	A001205763888	101	888	1	9	20170301	20170301	0	2	20986	  	0								10180008039	
40	0	10100370003	10180008040	15	A001205844	A001205844888	101	888	1	9	20170301	20170301	0	2	20986	  	0								10180008040	
41	0	10100370020	10180008041	15	A001205909	A001205909888	101	888	1	9	20170301	20170301	0	1	20986	  	0								10180008041	
42	0	10100370028	10180008045	05	0155606319	0155606319111111	101	111111	1	9	20170301	20170301	0	1	005900	  	0								10180008045	
43	0	10100370046	10180008048	05	0800296882	0800296882111111	101	111111	1	9	20170301	20170301	0	1	005900	  	0								10180008048	
44	0	10100370053	10180008049	15	B880900835	B880900835888	101	888	1	0	20170301	0	0	0	20986	  	0								10180008049	
45	0	10100371315	10180008050	15	A001208185	A001208185888	101	888	1	9	20170313	20170313	0	0	20986	  	0								10180008050	
46	0	10100471978	10180008063	05	0155626196	0155626196111111	101	111111	1	0	20170516	0	0	1	005900	  	0								10180008063	
47	0	10100471982	10180008058	05	0155626261	0155626261111111	101	111111	1	9	20170515	20170516	0	2	005900	  	0								10180008058	
48	0	10100471996	10180008060	05	0155626289	0155626289111111	101	111111	1	0	20170516	0	0	1	005900	  	0								10180008060	
49	0	10100471996	10180008060	15	A001406107	A001406107888	101	888	1	0	20170516	0	0	1	20986	  	0								10180008060	
50	0	10100472002	10180008062	05	0015462588	0015462588111111	101	111111	1	9	20170516	20170516	0	1	005900	  	0								10180008062	
51	0	10100472002	10180008061	05	0800316934	0800316934111111	101	111111	1	9	20170516	20170516	0	1	005900	  	0								10180008061	
52	0	10100472003	10180008069	05	0800316935	0800316935111111	101	111111	1	0	20170516	0	0	1	005900	  	0								10180008069	
53	0	10100472031	10180008066	05	0155626304	0155626304111111	101	111111	1	0	20170516	0	0	2	005900	  	0								10180008066	
54	0	10100472032	10180008068	05	0155626305	0155626305111111	101	111111	1	9	20170516	20170516	0	2	005900	  	0								10180008068	
55	0	10100472098	10180008148	15	A001409731	A001409731888	101	888	1	0	20170601	0	0	1	20986	  	0								10180008148	
56	0	10100472108	10180008149	15	A001409812	A001409812888	101	888	1	0	20170601	0	0	1	20986	  	0								10180008149	
57	0	10100472118	10180008155	15	A001409901	A001409901888	101	888	1	0	20170602	0	0	3	20986	  	0								10180008155	
58	0	10100472119	10180008151	05	0155626682	0155626682111111	101	111111	1	0	20170602	0	0	2	005900	  	0								10180008151	
59	0	10100472120	10180008150	05	0800317054	0800317054111111	101	111111	1	0	20170602	0	0	2	005900	  	0								10180008150	
60	0	10100472190	10180008188	05	0800317090	0800317090111111	101	111111	1	0	20170607	20170607	0	1	005900	  	0								10180008188	
61	0	10100472191	10180008161	15	A001410546	A001410546888	101	888	1	9	20170605	20170605	0	3	20986	  	0								10180008161	
62	0	10100472192	10180008162	15	A001410554	A001410554888	101	888	1	9	20170605	20170605	0	1	20986	  	0								10180008162	
63	0	10100472206	10180008165	15	A001410732	A001410732888	101	888	1	0	20170605	0	0	1	20986	  	0								10180008165	
64	0	10100472208	10180008166	15	A001410758	A001410758888	101	888	1	0	20170605	0	0	1	20986	  	0								10180008166	
65	0	10100472213	10180008170	15	B881102723	B881102723888	101	888	1	0	20170606	0	0	3	20986	  	0								10180008170	
66	0	10100472218	10180008169	15	A001410952	A001410952888	101	888	1	0	20170606	0	0	1	20986	  	0								10180008169	
67	0	10100472219	10180008168	15	A001410960	A001410960888	101	888	1	0	20170606	0	0	1	20986	  	0								10180008168	
68	0	10100472226	10180008173	15	B881102749	B881102749888	101	888	1	0	20170606	0	0	1	20986	  	0								10180008173	
69	0	10100472228	10180008172	05	0155626797	0155626797111111	101	111111	1	0	20170606	0	0	1	005900	  	0								10180008172	
70	0	10100472231	10180008178	05	0155626798	0155626798111111	101	111111	1	0	20170606	0	0	2	005900	  	0								10180008178	
71	0	10100472239	10180008176	05	0155626805	0155626805111111	101	111111	1	0	20170606	0	0	2	005900	  	0								10180008176	
72	0	10100472246	10180008175	15	B881102765	B881102765888	101	888	1	0	20170606	0	0	2	20986	  	0								10180008175	
73	0	10100472251	10180008179	15	A001411186	A001411186888	101	888	1	0	20170606	0	0	1	61044	  	0								10180008179	
74	0	10100472302	10180008181	15	B881102812	B881102812888	101	888	1	0	20170606	0	0	2	20986	  	0								10180008181	
75	0	10100472389	10180008192	05	0155627032	0155627032111111	101	111111	1	0	20170617	0	0	3	005900	  	0								10180008192	
76	0	10100472392	10180008403	15	A001413390	A001413390888	101	888	1	0	20170617	0	0	2	61044	  	0								10180008403	
77	0	10100472528	10180008401	15	A001413536	A001413536888	101	888	1	0	20170617	0	0	3	20986	  	0								10180008401	
78	0	10100472533	10180008405	15	A001413625	A001413625888	101	888	1	0	20170617	0	0	1	20986	  	0								10180008405	
79	0	10100472551	10180008402	15	B881103787	B881103787888	101	888	1	0	20170617	0	0	2	61044	  	0								10180008402	
80	0	10100472562	10180008406	15	A001413730	A001413730888	101	888	1	0	20170617	0	0	2	20986	  	0								10180008406	
81	0	10100472900	10180008418	15	A001414980	A001414980888	101	888	1	0	20170626	0	0	3	20986	  	0								10180008418	
82	0	10100472903	10180008421	15	A001415009	A001415009888	101	888	1	9	20170623	20170623	100	1	20986	  	0								10180008421	
83	0	10100472910	10180008446	05	0155627204	0155627204111111	101	111111	1	0	20170627	0	0	1	005900	  	0								10180008446	
84	0	10100472910	10180008446	15	A001415067	A001415067888	101	888	1	0	20170627	0	0	2	20986	  	0								10180008446	
85	0	10100472911	10180008448	05	0800317232	0800317232111111	101	111111	1	0	20170627	0	0	2	005900	  	0								10180008448	
86	0	10100472911	10180008448	15	B881104343	B881104343888	101	888	1	0	20170627	0	0	2	20986	  	0								10180008448	
87	0	10100472912	10180008423	15	B881104369	B881104369888	101	888	1	0	20170623	0	0	3	20986	  	0								10180008423	
88	0	10100472913	10180008425	15	B881104393	B881104393888	101	888	1	0	20170623	0	0	1	20986	  	0								10180008425	
89	0	10100472958	10180008428	15	A001415300	A001415300888	101	888	1	0	20170626	0	0	3	20986	  	0								10180008428	
90	0	10100472959	10180008429	15	A001415318	A001415318888	101	888	1	0	20170626	0	0	3	20986	  	0								10180008429	
91	0	10100472978	10180008430	05	0155627237	0155627237111111	101	111111	1	0	20170626	0	0	1	005900	  	0								10180008430	
92	0	10100473020	10180008433	05	0800317260	0800317260111111	101	111111	1	0	20170627	0	0	1	005900	  	0								10180008433	
93	0	10100473021	10180008432	05	0155627240	0155627240111111	101	111111	1	9	20170627	20170627	0	2	005900	  	0								10180008432	
94	0	10100473022	10180008435	05	0800317248	0800317248111111	101	111111	1	0	20170627	0	0	1	005900	  	0								10180008435	
95	0	10100473022	10180008435	15	B881104505	B881104505888	101	888	1	0	20170627	0	0	1	20986	  	0								10180008435	
96	0	10100473023	10180008449	05	0155627241	0155627241111111	101	111111	1	0	20170627	0	0	1	005900	  	0								10180008449	
97	0	10100473023	10180008449	15	A001415423	A001415423888	101	888	1	0	20170627	0	0	1	20986	  	0								10180008449	
98	0	10100473030	10180008463	05	0155627250	0155627250111111	101	111111	1	0	20170630	0	22	3	005900	  	0								10180008463	
99	0	10100473033	10180008452	15	A001415520	A001415520888	101	888	1	0	20170627	0	0	1	20986	  	0								10180008452	
100	0	10100473068	10180008455	15	B881104822	B881104822888	101	888	1	0	20171127	0	0	2	20986	  	0								10180008455	
101	0	10100473092	10180008451	15	A001415732	A001415732888	101	888	1	9	20170627	20170627	0	3	20986	  	0								10180008451	
102	0	10100473132	10180008461	05	0155627303	0155627303111111	101	111111	1	0	20170630	0	0	1	005900	  	0								10180008461	
103	0	10100473133	10180008462	05	0800317283	0800317283111111	101	111111	1	0	20170630	0	0	1	005900	  	0								10180008462	
104	0	10100473133	10180008462	15	B881104856	B881104856888	101	888	1	0	20170630	0	0	2	20986	  	0								10180008462	
105	0	10100473142	10180008458	15	A001416039	A001416039888	101	888	1	0	20170629	0	0	2	20986	  	0								10180008458	
106	0	10100473148	10180008460	15	A001416128	A001416128888	101	888	1	0	20170629	0	0	2	20986	  	0								10180008460	
107	0	10100473149	10180008469	05	0155627317	0155627317111111	101	111111	1	0	20170704	0	0	0	005900	  	0								10180008469	
108	0	10100473228	10180008465	15	A001416699	A001416699888	101	888	1	0	20170704	0	0	2	20986	  	0								10180008465	
109	0	10100473233	10180008466	15	A001416712	A001416712888	101	888	1	0	20170704	0	0	2	20986	  	0								10180008466	
110	0	10100473238	10180008468	15	A001416720	A001416720888	101	888	1	0	20170704	0	0	3	20986	  	0								10180008468	
111	0	10100473246	10180008470	15	A001416827	A001416827888	101	888	1	0	20170705	0	0	1	20986	  	0								10180008470	
112	0	10100473253	10180008471	15	A001416893	A001416893888	101	888	1	0	20170705	0	0	1	20986	  	0								10180008471	
113	0	10100473261	10180008472	15	B881105161	B881105161888	101	888	1	0	20170705	0	0	1	20986	  	0								10180008472	
114	0	10100473283	10180008476	15	A001417035	A001417035888	101	888	1	0	20170706	0	0	1	20986	  	0								10180008476	
115	0	10100473285	10180008475	15	B881105195	B881105195888	101	888	1	0	20170706	0	0	1	20986	  	0								10180008475	
116	0	10100473293	10180008479	15	A001417077	A001417077888	101	888	1	0	20170706	0	0	3	20986	  	0								10180008479	
117	0	10100473299	10180008480	15	B881105218	B881105218888	101	888	1	0	20170706	0	0	3	20986	  	0								10180008480	
118	0	10100563702	10130563702	05	0100022201	0100022201111111	101	111111	1	0	20160907	0	0	2	005900	  	0								10130563702	
119	0	10100563703	10180563703	05	0100022201	0100022201111111	101	111111	1	0	20161216	0	0	2	005900	  	0								10180563703	
120	0	10100563703	10180563703	15	A100022201	A100022201888	101	888	1	0	20161216	0	0	2	20986	  	0								10180563703	
121	0	10100563704	10180563704	05	0110022201	0110022201111111	101	111111	1	0	20161219	0	0	2	005900	  	0								10180563704	
122	0	10100563704	10180563704	15	A110022201	A110022201888	101	888	1	0	20161219	0	0	2	20986	  	0								10180563704	
123	0	10100577001	10180008486	05	0155627659	0155627659111111	101	111111	1	0	20170721	0	0	1	005900	  	0								10180008486	
124	0	10100577118	10180008488	15	B881106573	B881106573888	101	888	1	0	20170722	0	0	3	20986	  	0								10180008488	
125	0	10100578058	10180008611	15	A001424294	A001424294888	101	888	1	0	20170822	0	0	1	20986	  	0								10180008611	
126	0	10100578060	10180008609	05	0155628131	0155628131111111	101	111111	1	9	20170821	20170821	0	2	005900	02	0								10180008609	
127	0	10100578060	10180008609	15	A001424210	A001424210888	101	888	1	9	20170821	20170821	0	1	20986	  	0								10180008609	
128	0	10100578085	10180008629	05	0800317703	0800317703111111	101	111111	1	0	20170822	0	77	2	005900	01	0								10180008629	
129	0	10100578093	10180008612	05	0155628162	0155628162111111	101	111111	1	0	20170822	0	33	1	005900	02	0								10180008612	
130	0	10100578093	10180008612	15	A001424553	A001424553888	101	888	1	0	20170822	0	22	2	20986	  	0								10180008612	
131	0	10100578095	10180008630	15	A001424561	A001424561888	101	888	1	0	20170822	0	0	0	20986	  	0								10180008630	
132	0	10100579131	10180008933	15	A001428002	A001428002888	101	888	1	0	20170915	0	0	2	20986	  	0								10180008933	
133	0	10100579299	10180008936	05	0800317967	0800317967111111	101	111111	1	9	20170915	20170915	0	2	005900	03	0								10180008936	
134	0	10100579311	10180008941	05	0155628544	0155628544111111	101	111111	1	9	20170918	20170918	0	1	005900	02	0								10180008941	
135	0	10100579311	10180008941	15	A001428361	A001428361888	101	888	1	9	20170918	20170918	0	1	20986	  	0								10180008941	
136	0	10100579322	10180008939	05	0155628551	0155628551111111	101	111111	1	9	20170918	20170918	0	3	005900	01	0								10180008939	
137	0	10100579349	10180008942	05	0155628576	0155628576111111	101	111111	1	0	20170918	0	0	1	005900	01	0								10180008942	
138	0	10100579790	10180008966	15	A001431217	A001431217888	101	888	1	0	20171019	0	0	2	20986	  	0								10180008966	
139	0	10100579796	10180008968	15	B881112621	B881112621888	101	888	1	0	20171019	0	0	2	20986	  	0								10180008968	
140	0	10100579830	10180008969	15	B881112697	B881112697888	101	888	1	0	20171019	0	0	1	20986	  	0								10180008969	
141	0	10100579832	10180008970	15	A001431330	A001431330888	101	888	1	0	20171019	0	0	3	20986	  	0								10180008970	
142	0	10100579839	10180008972	15	A001431364	A001431364888	101	888	1	0	20171019	0	0	1	20986	  	0								10180008972	
143	0	10100579923	10180008975	05	0800318094	0800318094111111	101	111111	1	9	20171020	20171020	0	3	005900	03	0								10180008975	
144	0	10100579923	10180008975	15	B881112794	B881112794888	101	888	1	9	20171020	20171020	0	2	20986	  	0								10180008975	
145	0	10100579925	10180008976	05	0155628856	0155628856111111	101	111111	1	9	20171020	20171020	0	1	005900	04	0								10180008976	
146	0	10100579925	10180008976	15	A001431487	A001431487888	101	888	1	9	20171020	20171020	0	2	20986	  	0								10180008976	
147	0	10100579930	10180008978	05	0800318096	0800318096111111	101	111111	1	0	20171020	0	0	2	005900	03	0								10180008978	
148	0	10100579930	10180008978	15	B881112817	B881112817888	101	888	1	0	20171020	0	0	2	20986	  	0								10180008978	
149	0	10100579938	10180008979	05	0155628861	0155628861111111	101	111111	1	0	20171020	0	0	1	005900	03	0								10180008979	
150	0	10100579938	10180008979	15	A001431534	A001431534888	101	888	1	0	20171020	0	0	2	20986	  	0								10180008979	
151	0	10100581370	10180009021	15	A001440216	A001440216888	101	888	1	0	20171127	0	0	2	20986	  	0								10180009021	
152	0	10100581520	10180009036	05	0155629781	0155629781111111	101	111111	1	0	20171128	0	0	2	005900	02	0								10180009036	
153	0	10100581520	10180009036	15	A001440711	A001440711888	101	888	1	9	20171128	20171128	0	2	20986	  	0								10180009036	
154	0	10100581521	10180009039	05	0155629783	0155629783111111	101	111111	1	9	20171128	20171128	0	1	005900	01	0								10180009039	
155	0	10100581521	10180009039	15	A001440737	A001440737888	101	888	1	9	20171128	20171128	0	1	20986	  	0								10180009039	
156	0	10100581522	10180009038	05	0800318321	0800318321111111	101	111111	1	9	20171128	20171128	0	2	005900	02	0								10180009038	
157	0	10100581522	10180009038	15	B881114982	B881114982888	101	888	1	9	20171128	20171128	0	1	20986	  	0								10180009038	
158	0	10100581525	10180009040	05	0800318322	0800318322111111	101	111111	1	9	20171128	20171128	0	2	005900	01	0								10180009040	
159	0	10100581525	10180009040	15	B881114990	B881114990888	101	888	1	9	20171128	20171128	0	0	20986	  	0								10180009040	
160	0	10100581788	10180009131	05	0800318392	0800318392111111	101	111111	1	9	20171204	20171204	0	1	005900	03	0								10180009131	
161	0	10100581812	10180009079	15	A001442064	A001442064888	101	888	1	9	20171201	20171201	0	1	20986	  	0								10180009079	
162	0	10100581818	10180009080	05	0155629916	0155629916111111	101	111111	1	0	20171201	0	0	1	005900	02	0								10180009080	
163	0	10100581818	10180009080	15	A001442098	A001442098888	101	888	1	0	20171201	0	0	2	20986	  	0								10180009080	
164	0	10100581820	10180009081	05	0155629918	0155629918111111	101	111111	1	0	20171201	0	0	3	005900	02	0								10180009081	
165	0	10100581820	10180009081	15	A001442111	A001442111888	101	888	1	0	20171201	0	0	3	20986	  	0								10180009081	
166	0	10100581981	10180009120	05	0800318421	0800318421111111	101	111111	1	9	20171204	20171204	0	0	005900	04	0								10180009120	
167	0	10100581981	10180009120	15	B881115881	B881115881888	101	888	1	9	20171204	20171204	0	3	20986	  	0								10180009120	
168	0	10100581983	10180009123	05	0800318422	0800318422111111	101	111111	1	9	20171204	20171204	0	3	005900	02	0								10180009123	
169	0	10100581983	10180009123	15	B881115899	B881115899888	101	888	1	9	20171204	20171204	0	3	20986	  	0								10180009123	
170	0	10100581985	10180009121	05	0155629942	0155629942111111	101	111111	1	0	20171204	0	0	2	005900	03	0								10180009121	
171	0	10100581985	10180009121	15	A001442276	A001442276888	101	888	1	0	20171204	0	0	2	20986	  	0								10180009121	
172	0	10100581991	10180009125	15	B881115904	B881115904888	101	888	1	9	20171204	20171204	0	3	20986	  	0								10180009125	
173	0	10100581996	10180009126	05	0155629955	0155629955111111	101	111111	1	9	20171204	20171204	0	3	005900	03	0								10180009126	
174	0	10100581996	10180009126	15	A001442404	A001442404888	101	888	1	0	20171204	0	0	3	20986	  	0								10180009126	
175	0	10100582000	10180009129	05	0155629958	0155629958111111	101	111111	1	9	20171204	20171204	0	3	005900	02	0								10180009129	
176	0	10100582000	10180009129	15	A001442438	A001442438888	101	888	1	9	20171204	20171204	0	2	20986	  	0								10180009129	
177	0	10100582001	10180009128	05	0155629959	0155629959111111	101	111111	1	9	20171204	20171204	0	2	005900	02	0								10180009128	
178	0	10100582001	10180009128	15	A001442446	A001442446888	101	888	1	0	20171204	0	0	2	20986	  	0								10180009128	
179	0	10100582008	10180009130	05	0155629967	0155629967111111	101	111111	1	9	20171204	20171204	0	2	005900	02	0								10180009130	
180	0	10105710616	10180009226	05	0155630775	0155630775111111	101	111111	1	9	20171228	20171228	0	1	005900	01	0								10180009226	
181	0	10105710616	10180009226	15	A001449838	A001449838888	101	888	1	9	20171228	20171228	0	1	20986	  	0								10180009226	
182	0	10105710620	10180009229	05	0800318758	0800318758111111	101	111111	1	9	20171228	20171228	0	2	005900	02	0								10180009229	
183	0	10105710620	10180009229	15	B881119194	B881119194888	101	888	1	9	20171228	20171228	0	2	20986	  	0								10180009229	
184	0	10105710645	10180009193	15	A001449228	A001449228888	101	888	1	9	20171227	20171227	0	1	20986	  	0								10180009193	
185	0	10105710779	10180009168	15	A001448735	A001448735888	101	888	1	9	20171226	20171227	0	1	20986	  	0								10180009168	
186	0	10105711268	10180009230	05	0800318763	0800318763111111	101	111111	1	0	20171228	0	0	2	005900	02	0								10180009230	
187	0	10105711268	10180009230	15	B881119241	B881119241888	101	888	1	0	20171228	0	0	1	20986	  	0								10180009230	
188	0	10105716813	10180009221	15	A001449692	A001449692888	101	888	1	0	20171228	0	0	1	20986	  	0								10180009221	
189	0	10105716820	10180009222	15	A001449715	A001449715888	101	888	1	0	20171228	0	0	1	20986	  	0								10180009222	
190	0	10105716821	10180009223	15	A001449723	A001449723888	101	888	1	0	20171228	0	0	1	20986	  	0								10180009223	
191	0	10108241418	10180009390	15	A010010844	A010010844888	101	888	1	0	20180126	0	0	0	20986	  	0								10180009390	
192	0	10108241443	10180009391	15	A010011101	A010011101888	101	888	1	0	20180129	0	0	0	20986	  	0								10180009391	
193	0	10108241749	10180009462	05	0155631026	0155631026111111	101	111111	1	0	20180131	0	0	0	005900	03	0								10180009462	
194	0	10108241750	10180009455	05	0155631027	0155631027111111	101	111111	1	0	20180131	0	0	0	005900	03	0								10180009455	
195	0	10108241752	10180009459	05	0800318878	0800318878111111	101	111111	1	0	20180131	0	0	0	005900	02	0								10180009459	
196	0	10108241811	10180009461	05	0155631050	0155631050111111	101	111111	1	9	20180131	20180131	0	2	005900	01	0								10180009461	
197	0	10108241811	10180009460	15	A001452483	A001452483888	101	888	1	9	20180131	20180131	0	0	20986	  	0								10180009460	
198	0	10110020190	10180000440	05	0155520508	0155520508111111	101	111111	1	0	20150528	0	0	2	005900	  	0								10180000440	
199	0	10110020190	10180000440	15	A000351799	A000351799888	101	888	1	0	20150528	0	0	2	20986	  	0								10180000440	
200	0	10110020351	10180000441	15	A000352444	A000352444888	101	888	1	0	20150528	0	0	0	20986	  	0								10180000441	
